%YAML:1.0
---
hog: !!opencv-object-detector-hog
   winSize: [ 440, 440 ]
   blockSize: [ 110, 110 ]
   blockStride: [ 55, 55 ]
   cellSize: [ 55, 55 ]
   nbins: 8
   derivAperture: 1
   winSigma: 2.7500000000000000e+01
   histogramNormType: 0
   L2HysThreshold: 2.0000000000000001e-01
   gammaCorrection: 0
   nlevels: 64
   signedGradient: 0
   SVMDetector: [ 1.69524774e-01, -1.27509311e-01, -1.22368596e-01,
       1.94212854e-01, 3.33671153e-01, -1.88772395e-01, 3.87570187e-02,
       1.11151971e-01, 1.61067963e-01, -5.88334203e-02, 4.74235713e-02,
       -2.05379695e-01, -1.72383785e-01, -5.99336363e-02, 5.01736142e-02,
       4.06521410e-02, -6.25242814e-02, 7.53644528e-03, -6.44457117e-02,
       2.84039468e-01, 3.04616004e-01, -8.62082839e-02, 5.25418743e-02,
       -1.52406663e-01, -1.08168073e-01, 9.31362957e-02, 3.53954919e-02,
       -1.33855969e-01, -1.18452936e-01, -1.00465246e-01, 8.59777108e-02,
       1.99170150e-02, 1.79407030e-01, -1.57325074e-01, 1.90433294e-01,
       1.28111839e-01, 2.20804214e-02, 1.22722937e-03, -6.54202998e-02,
       -1.59814507e-02, 1.74266800e-01, -7.64828920e-02, -1.17718056e-01,
       -6.08958453e-02, -6.63559185e-04, 5.94573915e-02, -1.07563213e-01,
       5.62110022e-02, 2.37425533e-03, 5.31924628e-02, 5.48476353e-03,
       1.17809124e-01, 4.35180552e-02, 8.45669582e-02, 1.62252605e-01,
       4.62706089e-02, -1.33719742e-01, -1.68719608e-02, 1.70204818e-01,
       -9.80629697e-02, -4.90274839e-03, -8.60542152e-03,
       -1.87808067e-01, -6.40081689e-02, 1.61517918e-01, -2.56279945e-01,
       -7.34400079e-02, -6.03180192e-02, -5.49871214e-02, 2.27345154e-01,
       4.23639528e-02, 1.06963605e-01, 1.38395891e-01, 7.25815631e-03,
       4.59719449e-02, 2.49025151e-02, 6.60147667e-02, -8.84482265e-02,
       -2.94553675e-02, 2.07484588e-01, 4.31880765e-02, -6.15031968e-05,
       7.48239458e-02, -5.77831417e-02, -2.55278293e-02, -1.02198601e-01,
       -5.87183088e-02, -9.98796821e-02, 1.07762069e-01, -1.02085106e-01,
       -2.14744598e-01, -8.70721862e-02, 3.91134843e-02, -1.75278023e-01,
       -9.09463391e-02, -7.06563145e-02, 9.85596552e-02, 2.70713836e-01,
       5.49918525e-02, -5.48911504e-02, 1.71369240e-01, -3.11209019e-02,
       3.78653258e-02, 5.11684567e-02, 1.56810567e-01, 3.42407376e-02,
       -9.47174802e-02, 2.59421077e-02, 1.00087859e-01, -1.91208646e-02,
       -2.07065880e-01, 1.35036558e-01, -1.53233092e-02, -9.71897915e-02,
       -1.22772366e-01, -1.09653801e-01, 4.83053783e-03, -9.92034227e-02,
       -1.55810878e-01, -8.82675201e-02, 4.84064743e-02, 1.01020485e-01,
       -1.65616438e-01, -7.69390538e-02, 2.51839403e-02, -9.79075059e-02,
       -6.68471213e-03, -9.19469297e-02, 2.24815637e-01, 6.18755631e-02,
       -1.55718669e-01, 1.22559994e-01, -1.18705824e-01, -5.43637350e-02,
       -1.19602025e-01, 1.94271162e-01, 2.61918336e-01, -1.15046337e-01,
       -2.80990958e-01, 1.66569818e-02, 9.84432027e-02, 4.00352404e-02,
       -6.43603802e-02, 2.20558614e-01, 1.61355317e-01, 1.92540318e-01,
       1.53623909e-01, 1.24357216e-01, 7.11214244e-02, 3.04570571e-02,
       1.36582941e-01, 2.02194244e-01, -1.45971015e-01, 7.57236183e-02,
       1.01864878e-02, 2.04190195e-01, 3.99796627e-02, -6.85229599e-02,
       -3.39441858e-02, 4.44997288e-02, 2.87986815e-01, -1.32008120e-01,
       -1.12261564e-01, 8.58382359e-02, 3.97058157e-03, 3.06922197e-02,
       -1.19879402e-01, 1.34694010e-01, 3.21942151e-01, -1.11421697e-01,
       4.21193913e-02, 1.98850423e-01, -9.46395472e-02, -4.43251617e-02,
       -1.84903860e-01, 1.65366918e-01, -2.36329421e-01, 2.24743783e-02,
       -3.08570638e-02, -4.70038503e-02, 2.00758670e-02, 9.77655873e-02,
       1.26800776e-01, 5.40612116e-02, -8.32099542e-02, 1.24713462e-02,
       1.51083231e-01, 4.05221693e-02, -1.14709884e-01, -3.74193117e-02,
       -1.52179096e-02, -4.86185886e-02, 3.68009299e-01, 2.67744297e-03,
       1.21119298e-01, -2.27065504e-01, -1.67561591e-01, 6.20252006e-02,
       -4.32210304e-02, 1.19950630e-01, 1.52892604e-01, -1.29284933e-01,
       -2.82268316e-01, 1.20723255e-01, 1.80148363e-01, -8.52947216e-03,
       -3.99466157e-02, 3.05843055e-02, 1.11513883e-01, 2.03117713e-01,
       1.35699302e-01, -3.05655673e-02, -1.95546001e-01, 1.36154667e-01,
       3.95261310e-02, 6.47892281e-02, 1.24852277e-01, 7.44729415e-02,
       -4.36539855e-03, 4.21215028e-01, 3.81344885e-01, -1.47927567e-01,
       2.42432803e-02, -2.31588960e-01, 9.54937041e-02, -1.46837085e-01,
       -1.19046606e-01, 4.34954762e-01, 2.82673359e-01, -6.80477768e-02,
       -4.46390137e-02, -2.34366693e-02, 4.61455509e-02, -2.59454399e-02,
       -5.24306037e-02, -5.41869849e-02, -1.71115119e-02, 1.74432397e-02,
       -7.44071454e-02, 9.66474339e-02, 2.32919902e-01, 9.04230343e-04,
       -2.32608855e-01, 1.65162191e-01, 2.18870461e-01, -1.60364091e-01,
       -2.92057488e-02, 5.38581945e-02, 1.40117571e-01, 1.77262545e-01,
       2.14957111e-02, -4.13869806e-02, -2.81264894e-02, 2.04204395e-02,
       -9.13218334e-02, -1.10681660e-01, -2.30781585e-02,
       -2.81372629e-02, -2.66958158e-02, 1.42721251e-01, 8.06896314e-02,
       7.54593909e-02, 1.10567257e-01, 6.79488778e-02, 1.28846303e-01,
       -2.14110641e-03, 1.58856958e-01, -8.30597281e-02, -1.35570429e-02,
       1.20042078e-01, -9.68341082e-02, 3.07372995e-02, 1.11601107e-01,
       -3.91702540e-02, -9.65460911e-02, 6.54180497e-02, 3.05930134e-02,
       1.78558633e-01, 4.52284403e-02, 3.53173912e-02, -3.71420160e-02,
       -1.58642009e-01, -7.40056932e-02, -1.23762928e-01,
       -2.70936579e-01, -1.35185555e-01, -1.72011122e-01,
       -8.97188336e-02, 1.94126874e-01, -2.90489327e-02, 1.69780627e-01,
       5.11713699e-02, 7.77525157e-02, 1.94357947e-01, 8.06508511e-02,
       1.25889480e-01, 2.05940697e-02, -7.46263042e-02, 5.04121855e-02,
       5.61220124e-02, -1.06791191e-01, -2.26540893e-01, 5.15383333e-02,
       -1.15112871e-01, 6.47965893e-02, -5.63857444e-02, 4.05494943e-02,
       2.00780407e-02, 1.54143777e-02, -3.87785435e-02, -1.12979136e-01,
       3.58098149e-02, -4.93710563e-02, -2.29543492e-01, 5.10915443e-02,
       -7.17403516e-02, -1.61357999e-01, -1.16188683e-01, 2.30586044e-02,
       -1.19336456e-01, 1.47178918e-01, 1.79866105e-02, -7.67855439e-04,
       3.66685055e-02, 6.15599155e-02, 6.82628304e-02, 1.97264791e-01,
       4.68792059e-02, 5.07633649e-02, -9.62640531e-03, -2.00141519e-02,
       3.69611792e-02, 1.42128721e-01, -5.27667180e-02, -9.24528018e-02,
       -6.30716085e-02, -8.49656984e-02, -1.02131650e-01,
       -6.84438944e-02, 1.19477836e-02, -7.10268691e-02, -1.16725631e-01,
       2.93812156e-02, -4.78497483e-02, -5.86306639e-02, -1.41710669e-01,
       -2.19456866e-01, -1.60932705e-01, -7.36360326e-02,
       -1.24804087e-01, -1.29823714e-01, 4.26234631e-03, -2.73961630e-02,
       2.68950183e-02, 9.13977101e-02, -5.44945151e-02, -1.08476669e-01,
       3.56250559e-03, 8.72886330e-02, 4.53496948e-02, 3.77506055e-02,
       1.64180160e-01, 3.86177041e-02, 9.16259959e-02, -8.90034437e-02,
       -4.61948896e-03, -2.48942688e-01, 6.11806847e-02, -2.19056070e-01,
       -1.25317961e-01, -4.98708012e-03, -1.33916050e-01,
       -7.56491125e-02, -1.76164433e-01, -1.32469058e-01, 1.14231678e-02,
       -1.66211426e-01, -1.72075704e-02, 8.88696611e-02, -2.79510189e-02,
       -2.63032969e-02, 1.68038160e-01, 1.60117764e-02, 6.91642687e-02,
       -1.15543433e-01, -4.47007231e-02, -5.56731075e-02,
       -9.28390995e-02, -1.58426493e-01, 9.03955176e-02, -1.74765080e-01,
       -3.89455482e-02, 8.97613019e-02, 8.84638205e-02, 2.75506586e-01,
       -5.53727597e-02, -3.69454511e-02, 1.30855590e-01, -9.51145589e-02,
       1.07415639e-01, -1.20651543e-01, -2.24832390e-02, -7.37665221e-02,
       -1.70960158e-01, -2.28761181e-01, 7.89195150e-02, 1.26410812e-01,
       -1.01969251e-02, 1.49561197e-01, -2.91875593e-04, 6.86434731e-02,
       1.71562776e-01, 3.38809788e-02, 1.03122748e-01, 9.59695578e-02,
