%YAML:1.0
---
my_object:
   normType: 4
   crossCheck: 0
   train_desc:
      - !!opencv-matrix
         rows: 10
         cols: 32
         dt: u
         data: [ 138, 158, 18, 189, 55, 179, 190, 230, 31, 15, 90, 183,
             172, 238, 34, 192, 255, 59, 179, 129, 102, 156, 3, 255, 164,
             119, 154, 195, 22, 12, 189, 223, 49, 223, 107, 206, 124,
             131, 207, 244, 196, 72, 254, 226, 115, 233, 177, 96, 122,
             234, 22, 234, 201, 187, 44, 189, 112, 173, 166, 128, 61,
             187, 112, 169, 49, 223, 107, 206, 52, 130, 207, 246, 196,
             64, 222, 230, 113, 233, 177, 96, 126, 234, 22, 238, 201,
             187, 44, 191, 112, 173, 166, 128, 61, 186, 112, 248, 2, 222,
             2, 159, 55, 179, 190, 230, 31, 15, 90, 247, 172, 238, 54,
             192, 255, 107, 151, 133, 38, 156, 3, 255, 44, 118, 154, 195,
             28, 92, 185, 223, 2, 222, 2, 159, 55, 179, 186, 230, 31, 79,
             90, 231, 172, 238, 55, 192, 255, 107, 151, 133, 166, 152, 7,
             255, 44, 54, 186, 131, 156, 93, 57, 223, 49, 205, 107, 238,
             22, 131, 207, 244, 212, 64, 254, 194, 115, 229, 177, 96,
             126, 234, 22, 238, 233, 171, 44, 191, 112, 173, 166, 128,
             53, 186, 112, 232, 3, 158, 2, 159, 247, 183, 190, 246, 31,
             75, 90, 231, 236, 238, 55, 192, 255, 107, 183, 197, 167,
             152, 7, 255, 44, 54, 190, 194, 156, 93, 57, 221, 11, 222,
             130, 159, 246, 183, 190, 246, 30, 75, 90, 231, 172, 238,
             183, 192, 255, 107, 183, 133, 167, 152, 31, 255, 44, 54,
             190, 194, 158, 93, 57, 221, 49, 205, 111, 238, 20, 198, 207,
             253, 196, 64, 222, 198, 115, 229, 176, 96, 126, 226, 31,
             238, 201, 171, 60, 189, 112, 173, 162, 136, 61, 186, 240,
             248, 49, 205, 111, 238, 20, 198, 207, 117, 196, 72, 222, 66,
             115, 245, 178, 96, 120, 226, 30, 238, 201, 171, 36, 189,
             241, 173, 162, 136, 53, 170, 244, 104 ]
      - !!opencv-matrix
         rows: 10
         cols: 32
         dt: u
         data: [ 216, 48, 27, 232, 40, 237, 81, 80, 163, 72, 165, 8, 62,
             151, 97, 88, 160, 185, 93, 8, 3, 7, 178, 81, 209, 137, 32,
             56, 48, 0, 39, 34, 89, 72, 219, 229, 36, 46, 109, 51, 96,
             226, 254, 70, 179, 35, 145, 122, 98, 228, 125, 142, 201,
             214, 245, 8, 214, 239, 226, 128, 44, 240, 112, 40, 216, 48,
             154, 248, 106, 224, 81, 70, 163, 29, 164, 56, 31, 151, 98,
             91, 162, 185, 77, 144, 26, 15, 162, 80, 211, 225, 48, 123,
             176, 0, 39, 35, 201, 57, 159, 247, 164, 108, 121, 23, 168,
             203, 86, 16, 189, 183, 65, 123, 166, 119, 125, 24, 17, 217,
             176, 224, 207, 249, 126, 128, 128, 193, 33, 41, 78, 48, 159,
             242, 161, 228, 57, 65, 172, 157, 71, 16, 252, 247, 104, 106,
             167, 55, 253, 16, 18, 193, 186, 224, 219, 255, 94, 75, 130,
             66, 165, 35, 239, 180, 237, 83, 229, 124, 253, 191, 123,
             255, 62, 18, 89, 61, 222, 58, 189, 86, 113, 157, 179, 124,
             253, 226, 79, 95, 254, 196, 199, 208, 214, 252, 139, 250, 6,
             155, 203, 148, 169, 199, 190, 89, 64, 213, 188, 198, 98,
             219, 231, 43, 250, 149, 119, 77, 146, 113, 140, 35, 250,
             232, 26, 4, 171, 217, 68, 236, 187, 250, 173, 228, 83, 200,
             170, 30, 173, 0, 223, 215, 105, 122, 209, 89, 57, 122, 18,
             67, 186, 113, 219, 253, 7, 109, 144, 115, 39, 34, 100, 233,
             185, 250, 237, 76, 71, 140, 203, 154, 36, 8, 246, 247, 105,
             122, 209, 250, 56, 90, 75, 102, 250, 123, 237, 223, 135, 60,
             16, 114, 70, 42, 236, 244, 145, 122, 217, 109, 87, 207, 243,
             23, 173, 24, 254, 115, 72, 31, 209, 82, 64, 26, 123, 71,
             250, 51, 251, 222, 85, 126, 218, 81, 134, 162 ]
